60 0.2 60257.75341796875 143.632568359375 60401.385986328125 60114.120849609375 0 0
70 0.3 62208.452311197914 2126.8790361619317 65095.588134765625 60034.2978515625 60257.75341796875 2
80 0.5 64711.356201171875 2902.9739830114877 68580.00512695313 60034.2978515625 61428.17275390625 5
90 0.3 60070.724609375 4.376247559646352 68580.00512695313 60034.2978515625 63069.764477539065 10
100 0.6 64053.51330566406 1839.9846791712732 68580.00512695313 60034.2978515625 62377.678354116586 13
110 0.4 63222.62384033203 2441.8924218920315 68580.00512695313 60034.2978515625 62906.88939144737 19
120 0.6 62485.33646647135 1848.791491684745 68580.00512695313 60034.2978515625 62961.799730383835 23
130 0.3 62324.267903645836 2177.73544520339 68580.00512695313 60034.2978515625 62863.22112405711 29
140 0.3 60028.032958984375 3.0282816625591233 68580.00512695313 60024.319091796875 62812.694259643555 32
150 0.4 63091.62518310547 1914.313711978635 68580.00512695313 60024.319091796875 62574.00900530134 35
160 0.4 63961.90203857422 1503.6025068662789 68580.00512695313 60024.319091796875 62627.097844050484 39
170 0.5 65616.24633789063 1417.100614034775 68580.00512695313 60024.319091796875 62751.2656760992 43
180 0.6 64138.13415527344 1877.3404470214741 68580.00512695313 60024.319091796875 63049.70116170248 48
190 0 0 0 68580.00512695313 60024.319091796875 63170.638160988135 54
200 0.6 67102.97981770833 4277.903888771324 73364.61279296875 60024.319091796875 63170.638160988135 54
210 0.6 64325.41247558594 2463.8025160351135 73364.61279296875 60024.319091796875 63563.87232666016 60
